
=== Cluster Centroids (Original Scale) ===
          price  quantity  order_month  order_day_of_week  order_hour  shipping_delay_days
Cluster                                                                                   
0        139.69      1.74         3.63               4.62        14.0                 5.33
1        127.86      1.60         9.42               1.70        14.0                 5.49
2        375.64      1.71         3.79               4.40        14.0                 2.57
3        349.46      1.78         9.21               1.26        14.0                 2.25
4        229.35      4.64         6.48               4.61        14.0                 3.38
5        140.65      1.99         3.65               1.35        14.0                 2.49
6        363.36      1.74         9.26               4.48        14.0                 5.60
7        142.29      1.75         9.18               4.61        14.0                 2.26
8        359.45      1.59         3.70               1.43        14.0                 5.65
9        270.90      4.10         6.64               1.45        14.0                 5.44
